-1.3631704253480688,-0.9796990291993892,-0.6310814277807649,-0.8750740542524919,-0.26851596669154126,-3.2917475102364047,-1.3414327719847798,-0.8445600980181641,-1.1256333978953326,1.304488645668978,6
-0.8698428953132334,-0.4124107376511048,-0.9437493698371612,-0.6325037357013232,0.2557367882920433,2.9900205995130915,-2.6539615472916713,0.5274184526491801,1.5316219856300266,2.449577563022102,9
-1.3889890281083543,-1.2853800411908103,3.597937055893532,-0.7242318957772713,2.2522444423124837,-0.43778960862549887,-0.4896863046494785,0.7269363652692316,-1.1497798776292256,-1.2838447088551421,4
-1.0371463377608334,-0.677935883752773,-0.7096189705834764,-0.7875606055955011,0.5981100541115028,3.3527923411656655,-2.6309203545482758,0.6016914331202513,2.18196839531453,2.215527841520172,9
-0.0828918580719603,0.2631683224837459,-2.533054706564384,-3.773248939248496,0.08843802950737667,0.18417512483225612,3.439980353984942,0.9708581302293637,0.9909389123831033,-0.020631072583227633,3
-1.2391839654964276,-2.816668412922088,0.38248138436260265,1.112815426077287,-4.88455420484041,0.18723121657344266,0.9411580655741688,0.5118673492618018,0.22448889826564378,0.2881607459630878,5
5.7007529338611835,0.014543803689619578,-1.5524338416691925,-1.1392327238788835,-0.41004355117411845,5.224804386290123,0.6546925051861618,0.5188032543886367,-1.5735608071324678,-0.35449930022111004,1
-1.690540968672068,4.743965779795139,1.18019727941016,1.059762126602491,-0.7621307693434697,0.04334989878401696,0.1063610025673239,1.0021434239487392,-0.588608791101664,-0.4372193479703267,7
-0.26042266528434727,0.8797994320908167,-1.57783789102871,-1.9449858614219742,0.0642437039096257,-0.7193619674313076,1.9584549512797638,0.04218265513386121,0.3882631810889602,0.2997284026387156,3
-0.6747794484493531,-1.2327467199082707,4.501804408940511,-1.8824912950072585,1.3794314937296213,-0.019958471007697154,1.3982839175096717,-0.5484581586718755,-1.3358721567476455,-0.4277766388102757,4
-0.6262051676938823,-1.2729146767745325,4.225725983992733,-0.9687425171079158,1.079605073546583,0.7173557045453904,0.47790948632917035,-0.11826581744742945,-0.5433574469453203,0.47033851378137675,4
-0.2734767566931577,0.13772558242845023,-1.497621407695879,-3.0254085982591135,-0.05501051340762519,-0.6621304474887225,2.701507037448972,0.9227526205064781,1.774851662071756,-1.2012262821010584,3
-0.8117036733045135,-0.5280820031880489,-0.8389186056986236,-0.7314388645812784,0.5628963559762296,2.8862545249538765,-2.813786889610053,0.25510340484466265,2.381632619404221,2.298146375439162,9
-1.5440609391586744,-1.1184944667133467,4.692571475894772,-1.6487401048950423,1.4253479157226245,0.5717526520083991,0.7627240950235523,-0.1203143335283536,-0.6716484758628166,-0.8087174186127435,4
-0.7016630959647074,0.29208904069078784,-1.0621941886357928,-0.5349128618068042,1.099128400098961,2.5066358718987356,-1.6136495700084768,0.17239516260780494,2.3080724466578717,2.118471652947786,9
-1.494415183248635,-1.1336091791822387,4.393557971157901,-1.9955026666806666,1.184641716455433,0.495105893899485,0.3578233556743631,-0.6459316979149236,-0.49531881652975895,-0.5102971645555755,4
0.38501173752421947,-0.3189918154831124,-1.685940042033735,-2.732198362401166,-0.43049877287105803,-0.44610051401666534,1.4560071012090352,1.7249854770491015,0.839759293507119,-0.8724908606321361,3
-1.9652480577067188,-1.1773508421319239,-1.1695505603919871,0.35854399956325955,-0.12685725011827917,-2.354172643371075,0.12886453263369912,-1.036282118641195,-1.145003716237229,-0.04308759716577679,6
-1.1753808687479164,-1.6949392335422213,4.931487621977074,-1.2621709482986243,1.3535146200582597,0.9697324292646979,0.16488378621505478,0.003338012367140635,-0.8095121387897211,-0.555454818111295,4
-2.0756649508606966,-1.9593028852508283,0.1594655414516094,0.9774686009817145,-4.165553334259556,1.4822813591351676,0.2523141439828307,0.7209766205510768,-0.2719051145334042,0.08882082604574347,5
-1.7475545363084675,0.4713007666374518,0.13602316772030754,-0.34328199990906205,-0.6409665577189708,-0.3005264838867615,0.1423156470195369,0.05020491888949085,0.9049329266379291,-0.43107732009197225,0
-0.33388221219075687,0.372912843750572,-0.4428986175642948,-0.26962888598590967,1.1290165787408157,1.7294768125840185,-0.9820166015235595,-0.6393945266298393,1.2231158384986107,2.097287600186485,9
-0.45146837337611084,0.09212241373161162,-0.255994586992152,0.8102920702581193,-0.25552225146650903,-0.48349958786013886,-1.3049371328387105,1.2328866593978562,1.4083262705077777,0.6028637349582552,8
-2.0679196790879817,-0.8620420667837883,-1.3930100468229654,-0.9624765300512367,0.42192203691909114,-3.1118501629260606,-0.9179258863913016,-0.39550874029952554,-2.0585743208001714,1.957775165361738,6
-2.3092600656268902,-0.025230726849862717,-1.980381090396016,-0.3846967352565195,0.5977719602282816,-0.3325047849965169,0.09878247755902748,-2.094597073126457,0.13264552263285906,-0.14968756633650698,2
-1.3195789820379185,-1.3911022660539356,-0.2572800099360548,0.4001015590150163,0.1637930794435281,0.6977025274748009,-0.8933044052462125,-0.9934823807812903,-0.34015954400998216,0.45839339401864787,5
-1.750309548198096,-0.8011904435841202,3.7889501242780055,-1.1429503091886297,-0.0671616760961494,1.2182695181393262,-0.13712755304006463,0.3077224582262831,0.23781599766384254,-0.2719413671701872,4
-1.6352872067395714,-0.5089305835025552,-0.600074958635327,0.3627772150882234,0.3093277990190708,1.497677428937285,-1.2373355098908612,0.3048826254582904,0.7896901813197785,-1.2506218554548238,9
-0.8678529949801024,0.10981601872509876,-0.3441022324789829,-0.41286358159552183,0.8923517993892266,2.347100321055778,-1.8116072858899912,1.2141632097873643,1.2530572163574223,2.056130771697133,9
-0.46020990908873916,-0.11685966963265576,-2.156878861650193,-2.527472910733296,0.646466620099833,0.08590874650353819,3.3622889851574844,-0.25667951367281977,-0.0048519764740050896,-0.428162135050527,3
-1.5048717953756179,5.8581435482970425,1.4428306022364292,0.8040012542280558,-1.7868922992145562,-0.11183203491274685,0.34159163342814236,-0.21128588325347178,-0.26169897517782553,1.7550886134022787,7
-1.5715245210375974,0.02844581887791002,-0.7783583066640436,-0.9853359944072622,0.451424790096542,2.0327344602853885,-1.3581405438087462,0.31043671114343757,1.2211805443992447,1.5026229462261016,9
0.10077522600524717,4.855704709688037,2.105579372282831,1.0071406054396674,-2.242682289211917,-0.44322087472757177,-0.5030130093110561,0.42510516173179846,1.0953410454552177,0.9329472665103031,7
-0.17725802685052,-0.14122421516757894,-0.23005540792408985,1.3199465134742425,1.4006302231331624,-0.5980852572748939,1.1139379860978782,-0.16543907493240068,1.3944750452138124,0.6880640032305971,10
-0.12394459480681815,0.3008493369351752,-1.899721517124772,-3.438198999516525,-0.2790921046482033,-0.5066229715691883,2.63266054068497,0.7409971752306282,0.2252803214471591,-0.3369090030952421,3
0.13824796825832597,0.32744022860664973,-0.9331604506141655,-2.5344170080875257,-0.24931263212583263,-0.6769825673843816,1.770638798811111,0.7707279847654194,0.8035771237816981,-0.2211193055066357,3
-1.8280077296843977,-1.6466199703995392,0.022509617699681406,-1.745789399927251,-0.3108150155181946,-2.731567039551584,-1.1921947190407318,-0.9973397079185679,-1.1838601931590609,1.6067965038272038,6
-1.5654650594559942,-1.4729676311924427,2.8744556896682396,-1.8518445418926341,0.4524309647665572,0.3122725115434757,0.5258754181397635,0.5339524272880289,-1.1264879964471022,0.9576668495368202,4
-0.6855526550010936,-0.6585534077820319,-1.1568738478186023,-0.5899705386519231,1.31935182912866,2.4801833340290584,-1.9424290378960891,0.9044662824317923,1.9985259363764498,1.4514546882668034,9
-0.4951563816797823,-2.268497924650435,0.41580088372508806,1.268332015103983,-4.2247408430707125,0.2283319029698829,0.635903057777137,0.6759828911621971,-0.1412123827734574,-1.175076252252021,5
-1.0324201489696312,-2.6529136195651635,0.7343588902099758,0.4186087971954622,-2.5816756307248085,-0.9589043568479979,-0.12365583980678856,0.7244205909499812,0.6886728737910615,-0.48164887204155815,5
-0.8869496093759106,-0.036037236455332924,-0.5298796631673988,-1.3461208298113982,0.2649332144247637,2.1431534356057154,-2.1863704071982175,0.23906730510945798,1.9052232485533267,1.0552217174051468,9
-0.45260369006465784,4.428273052249006,0.7899884690920784,1.3637522518998477,-1.2770282974623202,0.14822542303959446,1.5244271008955292,-0.37268971736059553,0.39301874464519815,0.6415704154679227,7
-0.284478887125737,-0.1425400352069351,-0.5707467879565418,1.198604842574646,-1.9321682139017897,-0.5037295239839301,0.1064167834884379,-1.3717562374894903,-1.1884311546120654,-0.6991649096287542,9
-1.1053001341136393,-1.242583887474262,-0.4111998564547211,-0.978099458377038,0.41348849965924306,-3.9496189270158366,-1.5410632821004195,-0.845343450028093,-1.7141623812882814,2.654385164424404,6
-0.9633393490540014,-2.056950688953747,1.0101686172124393,1.0436119490220745,-3.730442425189235,-0.41018303377508686,-0.5759476717887732,1.095794775805841,-0.917253248672375,-0.2472617930262363,5
5.6433482354242495,-1.6480127450560773,0.0160870577143874,-0.7945208473890765,0.6029516526331642,0.1539038374801736,0.3675429378919408,-0.05035450815129038,-0.4318151480441145,-0.6109421666064108,1
-1.0009934554144553,-2.421802057134669,0.5978563741141498,1.0860317057298685,-4.425217671525459,1.3646486152119073,0.6686590183012489,1.1761952212091733,0.24904051545264805,-0.35517204667120217,5
0.06852767530071754,-1.93187622596356,3.00157423135709,-0.26868000075421794,0.7792669780795503,-0.1907219901847602,-0.8641892089250314,-1.2363285267681081,-0.5330188001024325,-0.6259659559407065,4
-0.7764853258826807,-1.363016350258433,-0.40092880169436373,2.384066035293233,-0.8262752212967854,0.19670684470624009,0.4281154507862853,-1.1249963569354366,-0.09295451995089754,0.9931125044666081,5
-1.5463699885861022,3.627398501722277,1.4567500202847534,0.34417495621526506,0.06099340029260397,-0.8732854725282222,0.5761279331973073,1.0363657930469619,0.39197960276883004,-0.8389126446345185,7
-0.09974969102940735,-0.6194991776721501,-0.6256168922881172,0.17466178776991295,-0.09861170610769214,-1.2016381952273305,-0.9826193173516987,0.29855113397171207,2.1074437855374915,-1.4131086908322767,8
-0.1936917336465095,-0.7580192966167609,-0.06871635066501706,-0.8168629402046843,0.9004539841065264,2.1681374429773204,-1.5080771650743552,0.9821475636517323,1.8430676912427035,1.3249003404169923,9
-1.7542400234384812,0.6210787430216533,-0.42489451139699425,0.9945721221516185,0.96462827073439,-2.3308511022645493,-2.6107002375172805,3.312141276265187,0.5620817260621643,-3.2713966329350765,8
0.30618752117224146,0.9046501344369805,-1.482249352319577,0.7876706667711343,0.8683376914350333,2.223529192058976,0.2009093256871925,0.9836086416828146,-4.169536642903481,-0.15888914196043485,2
0.09839377294756749,1.2293353096546857,-0.6158352142812823,0.27764400681785256,-1.3137387783056282,0.6388423223855593,-0.31920724219767627,-4.198832799744055,1.7392137587278187,-1.7047453790011546,0
-1.7083669252569438,0.07078073780664226,-0.5919674079122232,0.694409734992483,1.3589538594791783,-2.1899371044382745,-1.6031042635420747,2.538558132139903,0.6253197159120165,-1.319017660955414,8
-0.7027598082588096,0.16229013264222422,-0.02624702875708454,-0.7352532172568347,3.740190765611126,2.1488413621490734,-3.8024333131153103,0.7564461639204306,1.4584382440288304,3.5355491156396193,5
0.12809657174418684,0.332747859625601,0.16229712266903235,-0.08098464593436036,-0.8183928174837063,-0.015340372601240278,0.00773675206496649,1.1649745299482337,-0.7530710168204082,-0.8788126135317015,10
-0.41428011032166395,-0.1684079665584466,-0.8206497665442116,-1.1296502815779126,0.6975827312060059,3.0070253778303866,-1.9990694578987362,0.23260644216263232,2.3072184053922467,1.0551893034659703,9
-0.33993083729936185,-0.8498883233911032,-1.6199226210668431,-0.48448847411643997,-1.0601541419061389,-1.4931083136293613,-1.00400530148059,-0.654507770485051,0.3145817491284968,1.0723335038635746,6
-1.0067302624199816,-0.6243826073942137,4.175100008882314,-1.4718960563601984,0.7546679105396006,1.393080035372631,1.267370259746837,-0.5303297158340154,-0.5718277255719308,-0.06636252793470117,4
-1.1164689062680067,-1.3307684922568808,-1.06722146845251,-1.5803429149449297,0.3257941764049865,-3.4358503586439597,-1.8314543878380234,-0.9976907941918591,-2.319635797619642,1.8591795241506794,6
-0.9266198417949749,-1.1995259162273728,4.348423093993866,-1.554365883229652,0.8766534215005833,0.5459931839230364,1.0228375764893656,0.6580957569309793,0.1495180083393525,-0.9853589517312199,4
0.66291590492894,0.47799183940355594,-0.1253177851000714,0.42958022559675774,-1.1237139707685002,0.31653030766646956,-0.7652470556679145,2.01091764785858,0.31302132784187886,1.4399865957404088,0
-0.9537182996278278,-1.5445154013477063,4.383936567234098,-0.4249913879462801,1.5275815419528262,1.1002503813992586,0.40924814475363025,-1.446093711943221,-1.6626308864772208,-0.3034584223432838,4
-0.0015393809559997862,3.104119368866492,0.2566752309278662,-0.211166199829095,-1.118789663713288,-0.4052133487624042,-0.991001507535411,-0.9257767955460243,-0.4092643589483641,0.6330221629309943,7
-0.6496197488078687,-2.359417788045771,-0.1928296041177828,1.142549678743313,-4.332106298055818,0.8416708980293244,0.7175222123851283,0.5756660886428012,0.6455790152025148,-0.2401345165260775,5
-1.3634021821940978,1.1397072630155607,-0.05067083894260338,-1.146561932264845,1.148076746693643,-0.8050159682256322,-0.6245628830071113,2.137922601426375,-0.3090648955054684,0.45327338811296547,8
-1.0887722258223957,-1.472037232953748,4.199733766236419,-1.8515257898625546,1.267340692224331,0.4146360771295555,0.8857761854689515,-0.5817887619290872,-0.7970883876236312,-0.031535034099106546,4
-1.593072775283946,4.963421562062982,1.3070079710448756,0.23974023702009872,-1.1767796966450395,0.07856607844524384,0.9778316797172398,0.9662601792650033,-0.4081008560792176,1.9382373461105966,7
-0.7687220720759471,-1.832918936106045,-0.8160485767112946,-1.168536097394275,-0.5585448480674606,-2.223510702814448,-2.600809688286754,0.3223751505875204,-1.3769673412082668,0.7869696387209374,6
0.6184520551391837,-0.6876485432001957,-0.6143739744189316,-0.6989719165914803,-0.15756923236935413,-0.323695187064744,0.11867887315991196,-1.9252889448652304,0.877403807321595,0.051754053367989016,0
-2.2052552794108027,-1.5879085542176967,4.29936884363879,-2.2679884988135948,1.6291959866422754,0.36549595768123144,0.8641130582151573,0.7944441605700001,0.09014744199211058,-0.12621282178804666,4
-1.185824049889517,1.3736613837655498,-0.9344608540050913,-0.06779804261452924,-0.39177014969344864,0.565312416636609,-0.48397799295563604,-4.842574013101689,0.9725396925183297,-3.1499650018108087,0
-1.74408165393188,-0.5494841011380572,2.2142201931802945,-0.88708946846907,0.6141044758725698,0.40214934646395606,-0.6678792890029523,-1.1763109791098907,0.631833713649629,-0.04821961910675349,4
-1.240582336900411,-0.8167586171200577,4.333820441122162,-1.4697654464621204,0.4748720326253729,-0.6196749203318107,-0.23854745093471866,-1.4018849338645532,0.5741690849452021,0.17155937513097133,4
-1.2750188544706442,-2.2404413577788773,0.26801672551771455,1.2908095489433986,-4.66583552429572,0.3084025587261591,1.082731739625086,0.4127984080593162,-0.600839302435702,-0.9066901030120659,5
-0.5311254738988039,4.86080359192176,1.7565079655237457,-0.5597810913068597,-1.2254655111802346,-0.5231410499889868,1.317273449950223,-0.39232486621362883,0.1355246858683754,0.4427025430913088,7
-0.011621812590944247,-1.2894724918469866,-1.014413468366496,-0.8784663274737233,0.26205783999400434,2.269630365299406,-1.4420828943625397,-1.2417920793815715,2.20452476300092,2.4875435624028315,9
-1.2762252358325774,-0.5376804328170239,-0.2271711232487686,-0.3967749736454681,-0.11396313859752494,0.8834049419661018,0.3750864763125195,2.30763184879574,0.3687537374446174,1.8262530094443772,0
-1.02681329935905,-2.2213435510294395,0.4863979329120891,0.9545122993188546,-3.7783577392419554,-0.5641796424728901,0.36748027982651904,0.9957537109350021,-0.2801889399790196,-1.4365954391293794,5
-1.0591205454042658,-1.6966709507447022,5.053290695145781,-1.769978869551402,1.4341647908634225,0.654353765855085,0.5329142251723172,0.11649826464790554,-0.8555729430632031,-0.3216644166056686,4
-1.3757305932802513,4.971099044106427,1.6314736610435492,0.242976854911339,-1.5285433925725196,-0.4126400177154666,0.5197663320911508,-0.4322410463830529,0.01067178125962906,1.2498695191868678,7
-1.3027558712978895,0.8208004483901404,-0.12997718092779592,0.03721558019205054,0.9766694226328585,-2.3195869862264997,-1.9411026948592167,2.7827225817614947,-0.24651984520614922,-2.5741866623862615,8
-0.07775986834084911,-1.854417119815792,0.488512330915544,0.8705545110273006,-3.3196221745410295,0.16490164171685778,0.6392076361694937,0.6106434503690172,0.06876267638583793,-0.8994996020939094,5
-1.3525781765822613,0.09766777813444019,-0.6972526701190331,-1.035566348857928,0.42333886933324294,3.0611040870272705,-2.1605504678544234,0.34759738977071014,1.8665770483894195,1.8957436676963393,9
-0.09375913215877124,-0.7034144075414339,2.8539683157538698,-1.1554432209454482,0.5059575695054954,1.318454975236301,-0.23147069934483705,0.7766975213319218,-0.33356021660876595,0.09737127532987462,4
0.04023155253737888,0.6529989029747512,1.0004261242359798,0.6753927572509215,0.3502676160951157,-1.6940596816632043,-1.098555962673648,1.6272155059035254,0.4311387021576277,0.17196353787345703,8
-0.10622827931331569,0.10815333566349625,-2.4550887133747326,-4.058613979791125,0.04429219263728934,-0.06229325364734638,3.5243327047256723,1.4509405315948187,1.337349927869055,-0.3759309785396218,3
-0.609316452485106,-1.7280197004129216,0.560492767757348,2.495178217752264,-3.2007155503398215,0.04138936993837161,1.1717784274695144,0.7480079032339122,-3.6993793608026357,-0.3090746057055573,9
-1.8357777419055417,0.40949037358271073,-1.2294124600657248,-1.3729998119713394,-0.7536134797696822,1.712181236552007,0.1590265872058471,-1.6032191218169531,0.15812871017873878,-2.2640678736082944,0
0.3802331659426728,0.4624988782102716,-1.6883411252519542,0.6180982418940993,1.0699155897728734,1.9960557347559966,0.02533467235191164,0.5003809058269008,-3.219046738413618,0.22913622873351647,2
-1.73827537805089,-0.13196154968283158,-0.7538033161685792,0.15535532624648238,0.9553618942848462,-1.358127461885933,-1.7156525768630075,2.7284571855122204,0.33995614806151964,-2.5723911586062913,8
-2.0129559123542586,-1.0756309127928987,3.8117390234061594,-1.132719067968522,0.8020147284072698,0.3955391227445925,-0.2220824454521602,0.46707238125705786,0.10388073919933619,0.5284076112951483,4
-0.28177829657260045,0.636283457852676,1.0972511932980296,-1.3733418554635,1.7468318285408937,0.4949841644732253,1.756501642787999,0.29195622895282636,-0.8574790802484005,0.7832894874850207,9
-0.8731369359023148,-0.50220253137859,-0.9124083501416759,-1.0256869369118728,0.6485288205525608,3.0346369471311725,-2.7466633634191417,0.3409257279553009,2.555581605744863,2.557103590136405,9
-2.0930386775144463,0.6736585649910091,-0.619853311009176,0.4460631221507999,0.39501764410149687,-1.125996269438206,-2.3875026120619807,2.813988633145011,0.6019873407357073,-2.695222376668606,8
0.8723610514600257,-0.8212996655072571,-0.6797340319514975,-0.9746199486199236,-0.1720104594431155,-3.829826640093,-0.8988329039287521,-1.0853034463248492,-1.3322475684063873,1.477455586489249,6
-1.1971411728197794,-2.896785289252197,0.14706801781594114,1.3211190825161658,-5.3210475530509695,0.7046427322652606,0.8853800456643862,0.9155374667932958,0.01232306735789597,-0.4567374196586247,5
-1.1267654977030337,0.06307447134202696,-0.6991763356114216,-0.5485761081645141,0.4263422502869488,2.529266865305636,-1.0027220356840798,1.170731027875033,1.6388594102561422,0.6135091629119607,9
-0.354234516064944,-0.43934839786354873,-0.12646026030966276,-0.31039961898415375,-0.8873540325576513,-0.6686902482780593,-0.6369118736279958,-0.13301078781800882,-0.14649788561186444,0.20611220735046754,6
-1.3671374126766556,-2.908443171827016,0.06309371087691805,1.5144338052668758,-3.8775761510215743,-0.656092875710466,0.3757666033686064,-0.8747505082789205,0.07038050948905067,-0.049749215320550745,5
-1.0849468644754456,-1.9286487837491122,4.663237502111805,-0.9190030445515767,1.0883037073264326,0.7618441486230131,-0.27442799681691094,1.721043261962327,1.9223318716375555,-0.3965025274915198,4
-0.21244270721773084,-0.00626196088104234,-2.0960010904691586,0.40390268654429556,1.460438564004364,2.534943242509848,0.7274594972559113,0.624968743215708,-3.0313059045093866,-0.028569578421958668,2
-1.5393273229876125,-0.32857680346546947,-0.9075482746888625,-1.5655319563916659,-0.4206173948651598,-2.9480635818798437,0.22898455709172577,-1.0068871769615797,-1.126851046859583,2.1323423161312234,6
-1.4125034837314663,-2.570827893995238,0.8610151967710077,1.5916426774621564,-4.4426695550713236,0.8116240776343886,0.8159593914769827,0.911371469474759,-0.32345575362613116,-0.3029888265054518,5
-0.7765280991126964,-0.2812907323736826,-1.1288997856810976,-0.3542897066929268,-0.6635011629701915,0.3172070207786979,0.040023480333211986,0.5206267026379497,-0.6747563906301297,-0.13795164609582475,3
-0.4039566136079667,0.8763473057242127,-2.889960315244638,-3.296162854664351,0.7008449831154594,0.5475322213261649,1.6571237493321058,1.0217340203158343,-0.9503098553211027,-0.15291886497672333,3
0.31063696764519616,-0.537433573184078,3.514364826227972,-1.9317835993077332,1.0303893981617371,-0.06508409782577657,-0.4510778971565547,-0.049529134584266,0.6624308123439118,0.9922544131175994,4
-2.140294975722579,-1.6249221570122923,4.481434459633958,-1.6472611199436806,1.0928427474726525,-0.31553660635974223,0.1371954996079897,-0.6056682888881297,0.08468879429182194,-0.39593924908976413,4
-1.2852362015238494,-1.2550261327197756,4.589366083508215,-1.294427538073481,0.7708650865197,0.6202625420319832,-0.3992576913787034,0.5344143752225425,-0.15294235157652913,-2.1551112770168332,4
-2.327777549588774,3.2222578349779045,-10.546242811799296,3.11841711262979,-0.5452428497843669,-2.0418869491519835,-1.8309502792143548,0.018574911191903704,0.16397023302493519,0.22356485821960453,4
-0.10931362847779988,-0.38870063059656046,-1.1391874753839966,-0.38101807785527975,-0.7721708677536002,0.9638868154819742,-0.5999986989521595,1.0970491135979636,1.4662710991857366,-1.7731482937680982,9
-0.27725637837004863,-0.3623290560481684,-0.05460858675300276,-1.5388743853360995,0.24711825146791935,1.0745884754923114,-2.261279901596761,-0.502304856498904,2.5554261291014746,2.7630241958374357,9
-1.3835762530590778,1.0415943499994376,-0.6740438576937502,-0.06705900929853553,0.00747920925928619,0.3230415215917802,-0.38871929503056263,-4.795471165249918,0.7175978144332614,-2.8563934510637417,0
-0.12110341289045655,-0.5392921324281059,-2.5982552951871147,-4.0288837095268475,-0.43621214845067857,0.35480236704838464,2.8568718245690854,1.1442240839223614,0.6448418052427035,-0.519415371891157,3
-0.7307211597395242,1.5913127583219846,-1.1504462225651952,0.3314191191150119,-1.0273398674660308,-0.1174500502572443,-0.0537245599873056,-3.6052396573362837,0.5537332376958983,-1.7450826186881903,0
-0.15618825896419009,-0.9787840121104524,3.000245592356743,0.07623503395886326,0.49282755591045146,0.6398704896153032,0.9622805222564387,-0.507373553687068,-0.9683227981421395,0.31926113942701606,4
-0.4273328531261408,-0.4132283999198192,0.34017247449085225,1.7748695727292827,-3.6628520886256335,1.6980027214581868,1.7529835710431643,-0.7305386281370227,0.6596981556821562,1.8413197848324354,5
-1.1448199406963582,-2.818170821508596,0.27688631034284306,1.3815112372901859,-4.64999166134591,0.23846133317398124,0.6305867096326637,0.2352602409729012,-0.48989397834938353,-0.005463070461698333,5
-0.1969902016201402,-1.8412293662269494,0.5477091381107317,0.39219175138864576,-0.37666180159377494,-1.5864165896725955,-1.2723885598968425,1.0557621357741318,-1.0345802122993728,0.8027951348085592,6
-0.3676021520360856,-0.3261655503439482,0.4684592145154798,-0.16777155237447472,0.5783193778435204,1.3711117975927791,-1.9448947244373054,0.3041714573157812,0.20913734119559185,0.5780812671899284,9
-1.424675752551231,-1.4017069636693766,4.073936693857754,-1.2181388092296515,1.1465172615045833,-0.39904689329745796,1.0202656707341404,-0.28421757819420757,0.2120439193831894,-0.6170743926309817,4
-1.060573877733472,5.744405793217149,1.4462063022692149,0.528423600238707,-1.502076328781483,-0.9460737713599365,0.7574614723160744,0.7524740756751801,-0.040065787007798226,1.7353601943713688,7
-1.6938632011613226,-1.0824179313551765,3.7032579636280247,-0.4399109516960783,1.905256327677014,-0.2202040596223509,0.35397300817706523,-0.24726106911088824,-1.2667769803542406,-1.4560524885109285,4
-1.5477030559202576,-0.20196333683112438,0.0294390809865666,-0.5502820330128146,0.45886743730030444,1.1000898006446354,-2.0656464113798516,0.9645605238368504,1.5653767606059208,2.5973729950621807,9
-0.48712259600843016,-1.3150286429988016,3.977107403067864,-1.1986891636116055,1.5252747075921982,1.3483938298882654,0.6073708676536143,-1.006280497086096,-1.1047744915201856,-0.964937682763526,4
-1.2174885820399939,-1.3778576136701723,-1.0093303152930106,-0.883085642375026,0.2588015598687078,-3.242516995950823,-1.3834786543219686,-1.9935225400727015,-1.8604931340347641,1.817087405619872,6
-1.0873968420811329,0.4453609658050261,-0.5786062409332737,0.6438020425061983,0.6737153067761664,-2.3320851963519265,-2.1247919533759108,2.2222346965462556,-0.05798357623857478,-2.2896979174083087,8
-1.3581000996294512,-2.716252473224312,-0.41949845841569194,1.0123329182265166,-4.565926512734924,0.8668563680730316,0.4589253235718056,0.6436492401109677,-0.541286744057875,0.1175156435607735,5
-1.1997229239621083,-1.8300954690555347,4.365887312960417,-0.9789284671972365,0.8751100185305193,0.9136947394011135,0.5923983965801973,0.07202542989107769,-0.9576541642722611,-0.012444021043565456,4
-0.19030181671688728,3.480183237677577,0.9473351474326918,-0.0638643878943959,-0.9809019919954424,-0.18755967188223358,0.1152495903575493,0.7045813545207447,0.4625610992022749,-0.9566186482688955,7
0.8446658797395538,-0.13945546509750228,4.14203256264171,-1.1765918135745335,0.8728855851355063,2.038921844132743,1.0851415148130457,-0.5803060103823396,-0.9930300178045876,-0.6517413477273597,4
-1.0433689177141974,-2.1936181826970538,-0.5156604439468427,1.754559147390955,-4.581901068201071,1.1483471899416806,0.6971202713814969,0.6475215736613177,-0.24383452784580087,-0.7595436965977569,5
-0.8974462202901028,-0.6178593952920206,-0.2740816604643235,-0.7091902425732597,0.979679670366832,2.475019602951814,-2.380069089926426,-0.3240311601256046,1.9410542929837302,1.9981837821002522,9
-1.1071347096972612,1.2237793083566382,-0.38668096584019784,-0.036314854411958794,-0.2092447682087232,0.13957562608553756,-0.16624415846516982,-4.687198730911679,0.5486040169828977,-1.9955378160759316,0
-1.8610645569418756,0.4218319731641322,-0.4505822163532305,-0.19273166100099107,0.40048802645029363,-1.3236248377369644,-0.5338994869583574,-0.06882134938753869,0.5700575417146717,-1.8157002314052306,8
-0.6315899990859188,-2.618422699892611,-0.6782044762215347,1.340423849179922,-3.4143158602063974,1.2516529802366645,-0.17543633805987666,0.10125769221214842,-0.8441175546963406,-0.332699263422794,5
-0.8803930815577606,-0.4587395353739866,0.06857902387240884,-0.9082533083002917,0.8746041986755182,0.4527919183638275,-0.5625011346121798,0.4985064605999255,2.2975026837979704,-0.09402361677551149,9
-0.7557103789027326,-0.25599814758207917,-1.0529088380065514,-0.9408167934409791,-0.1735272713430269,1.7987659700597138,-2.7548502228569145,0.14850415390816635,1.5101889826384123,1.985899288067188,9
-1.0590035434819172,-2.5961813282215536,0.24207017849752013,1.7586549714331372,-4.7117035807145164,0.6884763858461523,0.6455545597712704,0.5443151227533742,0.38602491737864914,-0.15720550223665075,5
-1.0590035434819172,-2.5961813282215536,0.24207017849752013,1.7586549714331372,-4.7117035807145164,0.6884763858461523,0.6455545597712704,0.5443151227533742,0.38602491737864914,-0.15720550223665075,5
-0.5427547360168598,-0.378350967814013,-1.0588840444753203,-0.49721109092792587,-0.07947948055843053,2.784386919931173,-1.5163365375963147,0.1684989693626993,1.6970705787943183,2.1961953607932982,9
0.4354930935246487,-0.040310743071076544,-2.351503707436875,-2.1358234931713485,0.1278364566963362,1.4545774017121882,2.8046578967756988,-0.06047647396398052,-0.7232244394871304,0.5628144086377683,3
-1.4322183877787682,-2.984334073471904,0.2997086910198193,1.143078819815495,-4.359424803198653,0.05974246537560725,1.0687476432376728,0.8104438871429487,-0.045173208472588655,0.6097565843010381,5
0.8913768018337191,-0.861740772477503,2.3645365079953757,-0.42609200982193685,1.3617745915142347,-0.7534131612800263,0.3619740263885624,1.3479088692586558,1.457288705314142,0.20299974062500642,4
-1.3438332276326113,-9.813464789357605,-2.988518169349234,-0.8612494852891751,2.5716423458045985,-0.2587382161167004,0.46835520776398537,-1.0638416433825215,0.2504966843544966,-0.2069297964223486,7
-0.6172338122600123,-1.9859580703755177,0.27592630427974973,0.6160334561623427,-2.052105600720483,-0.7517184624117034,0.946660414141026,-0.41516644622525817,-0.19777680191416358,-1.2782689919756924,5
-0.4795961052888037,-0.12443465043082777,-1.8103285433037895,1.5750715347041755,1.0306174421476098,3.11815455161445,-0.487588920623532,0.8584556993027702,-3.6994209621020535,-0.553651591760663,2
-0.18117298303817542,-0.9395886703044392,-0.5242342056637865,-0.29051204302038314,0.8521588154343136,1.5696268718265778,-3.265898757747335,0.1994403120849425,2.072494869718367,1.4403841405926816,9
-1.2076573540628788,1.3918414693667276,-0.0010602864291078679,0.275593856479724,0.10572537638232402,-0.2480022483206578,-0.8113178444902998,-4.082171797887248,1.1531424581755174,-2.4153617674051016,0
-0.35952560686145757,0.9540758405291662,-0.46037515292005365,-0.2215512222817826,-0.7605437996644797,0.626960974755806,-1.078696264644804,-5.139247112609078,0.7998545562177942,-2.4669169797161783,0
-0.08678556417060772,-0.5929866456462884,-0.5679617886247373,-1.4580069573182395,-0.17658715104127,-2.5888476765057113,-0.7635125877099779,-0.6470192758772706,-0.5946676872083795,2.266469880177688,6
0.10458200842554494,-0.5875097261430243,-0.001534870929478821,2.1385471621268577,1.2576965170448988,-0.20267729038460344,1.2406190378705415,-0.4198022012834534,0.974483513113001,1.377116126591225,10
0.6463448599203487,-1.3166009415281654,-1.6334925771278794,-1.3933902517072816,0.04387939732903555,-0.9753280649241525,-0.7256423082108353,-0.011239801342102989,-0.27114315948080836,-1.0581345675277243,6
1.1750743363545109,-1.282972426687858,-0.20659774702568134,-0.6087039430610506,0.837354765814148,0.010830174286502207,-1.450331054065437,-1.8635942108811139,-0.9217130035817781,-0.7519336855061934,9
-1.6694582643693618,0.6914944184126179,-0.12440311250306496,0.2434570120802682,0.150560267456576,-1.403626594541791,-1.1775566178701113,2.1118281430135926,0.06775586405408071,-1.7229092846494987,8
-1.9237139243810346,0.588847231475948,-0.5429890939501714,1.1298757908259098,0.9158217352249199,-1.5453449741947498,-2.4507899463979714,2.905111517000053,-0.1156668257400042,-3.1103168517741437,8
-1.1742743156150728,4.433504358473702,0.5798026135938091,1.335152757136559,-1.7028004465748612,0.014083803979714177,0.3123987280745208,-0.119389442988307,-0.6832898268095513,1.4412970459332919,7
-0.38160243651568415,0.22905468248278255,-1.6964833847987155,-3.194247376088211,-0.6829966693078872,-0.21791706272097583,1.571436651035479,0.02873985347240786,1.3189409601753546,-0.029647040114758258,3
-0.500001309908962,0.6418565291833941,0.174075987317558,0.05522137212465157,-0.25085116344879343,-0.44552744972236924,-0.07087432436214444,0.4147125915094159,0.6574118483493016,-1.1831358038016182,9
-1.7308683811653816,-1.3825304844077337,-1.7912876546585348,0.3445476869827098,-2.0903609558422063,0.08434220761491094,0.7547639701577398,0.47048301832788203,-0.8616816013224369,-0.7364353348053532,5
-0.9621681434367104,-1.6562848694758585,0.08157362528816486,0.9487174294050679,-5.116596070610486,1.8190405015420616,0.2649751221503842,-0.341518942224302,0.6602866820616702,-0.8113108036583097,5
0.7532509028021003,-0.13864690386347817,0.7228781143200559,-0.6777779766389065,-0.2502767002177396,-0.7445411596786565,1.6252381106513112,0.6466564542615867,1.759136871073944,0.29021451116513797,2
0.46373041078311095,-0.27748357177534544,0.47516388705083024,-0.07626941586272398,0.5563064091233161,-1.8041911316512746,1.6930833106844754,-2.52966482906815,-1.694750440110102,1.913987361364292,6
-1.2002235050448142,-1.172053423182311,4.432115817441977,-2.0567445980426395,1.4481719726056455,0.28639504369501384,0.15983546132190235,0.5313355543951446,-0.8452357829561781,-0.37837575686537095,4
-1.1002345786638823,-0.36110963954427644,-1.0029173660401105,-1.4555133119874801,0.824604642557575,2.4894222452476154,-2.4443181873114597,0.0189393733901069,2.5785758602845164,1.415802803396696,9
-0.036512538100888156,0.28128168645575913,-2.44464941411678,-3.7272503214450574,-0.004567980279476039,-0.2957981414702665,4.067485903643712,1.6206688567387233,0.9466095104582609,-0.2825259773363785,3
0.2438423812532826,-1.473934061273114,-0.7864119079451096,-0.6207772907629597,0.6086402407502849,-0.34111977240502916,-0.6407938548181501,-0.7922128437597165,-1.369187114931793,1.1763575811253004,6
-1.3304993113821086,0.031184220527175642,-0.8943768945971083,-1.2226472892224276,0.5482371911103714,0.9648048970306924,-1.8060324467224156,-0.13103973802797972,0.5902410264931212,1.4824293344376587,9
-0.7063111419196757,1.0046177120540125,0.5837234332704507,0.6902481049325302,-1.3402290590696024,0.5429010532245487,0.23649218816482273,-0.577588024193982,1.8690270643034255,1.3149879425452706,2
-0.3295364600934685,-1.60946044069285,0.9668116896793756,1.0167526560329605,-2.2475826599694875,-0.11002111258838329,-0.12928537564472825,1.3795665738350897,0.010614030131607832,0.6584945052791675,5
-1.3392891676425305,-1.1267864570762594,4.305851757265196,-1.6521124431566219,0.8557353979759671,0.4413180148493011,-0.34001805435490806,-0.07395658973741727,-0.2372841593276971,0.19530114929799386,4
-1.4738342554653643,0.36324938320388367,-0.8191958629916329,-1.619580098629805,0.7496304865212735,1.0109292639804792,-0.1408202008913704,0.46451829943221074,0.40087909489522494,-2.4253392147089996,3
-1.2112776218184873,5.314467824383897,1.3701496434731903,0.4270932267035602,-1.2654564968350257,-0.007662538820645298,0.7021110893672838,0.40823101239584103,-0.3400431320340857,0.024831492995771476,7
-0.3711036126375116,-0.8039329623487143,-0.7925306197517075,2.8442552007437802,2.051683618152518,-1.7921150880172065,2.066595722795648,0.3507678561354315,0.5863079885201221,0.7907228824661842,10
-0.6147446513195769,-0.5828850920801486,-0.5431328845373713,-0.9198069658558615,0.5436293498074466,2.599740545503302,-2.241825849596357,0.2197629214516635,2.142705049819522,2.135990753990628,9
-0.4458893092528121,-1.40405051056543,-0.4204745214450336,-1.464612860591874,0.3963475645649555,-2.972515524173599,-1.241190098455704,-1.745961956392272,-2.354390896688711,1.3195341388453952,6
-0.4981901825555253,-1.4114175848439885,-1.4550781168239346,-1.34645979715276,0.33204978666950685,-1.4289283411371978,-1.6027794068644239,-0.8981835414463684,-1.1608469549049423,0.2951575639988112,6
0.6413520189533889,-0.9363403560968582,-0.668565130360734,-1.1740847136753385,-0.534741069417022,-0.11430563253915918,-0.2801081479085914,-0.20707912408272117,1.559106133351542,-0.19426962734816347,9
-0.017661389265048094,0.5271658964840307,-1.683226019906249,4.148867588877825,1.6054273827006924,3.092729003545646,0.7421295743494166,-0.3942020110323962,0.34297403597388343,-2.5093295196132597,6
-0.04587003054886482,-0.10186905703668611,-2.0725280221079334,-1.3536730927644496,0.7123938893358527,-0.4100961124677906,1.5315931470946054,-0.4796696158481789,0.07316242039130172,0.2118302152942875,3
-1.426238286546551,0.4886090822189951,-0.42121698701348587,0.6643965217660146,0.5820345925408793,-2.127646206799066,-2.382418635064658,3.0782681059463908,0.8216832771992137,-2.7875353692511426,8
2.4465542277794587,1.9682346959661299,0.16404404699527633,-0.9521227438204075,6.281242007347559,-1.2316790124768908,0.8995452224156377,-1.7181140230355738,-0.931434165817089,-1.3835229672795184,5
0.9231644415908947,1.1637089084869787,-0.6614408574274766,0.44195601836676796,1.0027762952669883,-0.5221889472269173,1.6984240889425972,-1.673598345675483,-2.2493214977784315,0.3691045873787331,9
0.36801175664550456,-2.029990554553332,0.3292693976667444,0.6536254911005676,-1.8686376530793887,0.17978940902879095,0.7204792275369355,-1.1311469809617256,-0.8629830624472682,0.5152068965466349,5
0.39655121358346956,-0.8879679389967553,0.11436511217786414,0.5143200556232734,-1.2114492141029158,3.032961742181735,2.2307918554537456,-3.338564921169966,-1.519080637674858,3.1566657461592396,8
-0.3527845905416101,0.8355249067175003,-2.4954076219442856,-3.4269457511868033,-0.4457334823257055,0.3263063220154779,2.2728235794060905,0.6290864537136038,0.8316977039360441,-0.16128070066864725,3
0.2634381252170559,4.173104507386513,1.5880996163783754,0.5694944909571044,-2.0727092652906203,-1.1659328475382087,-0.9935008848529061,1.0016459860550304,0.4905284580302788,0.9660580511902983,7
-0.31316875536068073,-0.6868743205261576,-0.3501460131856723,2.759081555282163,2.1226847418234884,-0.6691097264860417,1.651169317954781,0.8539410824955036,2.0093965857981413,-0.16803188761816473,10
-1.412696875957964,-0.34443385712515046,-0.6512326971444797,0.480204441571179,0.5754900815746173,-1.5534600363372857,-1.3951070706327109,1.2227841560511055,0.34955795097597453,-1.2640839447054704,8
-1.2298988231594126,-1.243227898992853,0.4784668454485489,2.4685286295021656,2.724905077429051,-1.1514143756849258,0.7722551636131226,-0.3108250058133479,0.5767632424897463,1.1865808230102965,10
2.9111389067698448,1.2192028463657285,0.3498841153152403,1.077708665051066,1.6206814960836284,1.6754655905940317,1.740552886751435,0.4689027955067442,3.5608971238949643,-1.6648501743099091,6
-0.07921377559524301,-1.3959131651687864,4.10177144947001,0.8636182884683447,0.5434939495044592,0.6537732335208508,1.5355116544434444,-1.1182572505698811,0.016327105921791114,-1.2150477183060138,4
5.994240223729088,0.7513826626950831,1.31869126511636,-0.6187121849216541,-0.4330146244523287,-0.5834747143683553,-1.38135901226424,0.600574105516368,0.41707283431372244,0.15419315421544166,1
-0.9970099607705389,-0.46214020460454625,-0.9180679212262224,-0.9170315635097988,0.7319340483574138,2.9992772799899923,-2.7746324578662205,0.46580459462266754,2.5573437417823865,2.3613358800967714,9
-1.5737239084740342,0.7561067698736584,-0.1631500559793389,0.5807146406679841,1.4369930409009644,-1.2471368059336083,-0.9697413342854191,2.446887560782581,1.2597896872602434,-1.953280375296971,8
-1.2862994875964073,-0.27628239624881445,-0.24279663656117467,3.6118673262433654,1.6319322231403524,-0.9402235459138041,0.683315482102236,-0.433164487383104,1.5593861549826395,-0.32595462219924787,10
-1.6829928240080219,-2.551117737568562,0.06005574266061613,0.9263558238136514,-4.374230809263633,0.8649714633129405,1.0229434751255255,0.3995689872922183,-0.10985045782157808,-0.9345982137187097,5
-1.813497094842876,-0.9320796010339669,-1.0514498733148878,-1.6981760036848499,0.14353533913306712,-3.1994845988257397,-0.804755383614031,-1.9639726102428667,-1.8251632199360097,1.450567135998598,6
0.33352838038295557,-0.4792954800191105,-0.6827948128101979,1.608487537686511,-0.10932110688828049,1.8787465597910458,0.05972820336439508,-0.09644643974054423,-0.32461486366826253,-0.12521092136849427,2
-1.0034254545904768,1.1013919693574992,-0.9579388666768354,0.35172356012238215,-0.5807207138250533,0.4754823181374987,-0.5034164877565478,-5.11835541584405,0.8342116616128687,-3.0305586828740223,0
-1.56285360108243,1.1926355750966102,-1.0960072678437722,0.5760938096186543,-0.1764376871065641,0.2885255159815656,-0.5881800679778695,-3.2953874159874563,0.9662714192288833,-3.1750829990165266,0
-1.6292993802651723,1.15336427496973,-0.6546012603081393,0.05158806560680318,0.08970468922793759,0.41641554959653526,-2.001863886859542,1.5438070528572756,1.0623566275141982,-2.4059286750874906,8
-0.5527150094126101,-1.5026353283690317,0.2907025912663941,3.263677004013749,2.3389297521985344,-1.0630029531343406,2.0498760042668103,-0.39834477095751863,1.7395977189352012,1.1200445794354696,10
-1.64186195575578,5.930346472583898,1.2393957707629657,0.3674931872600292,-1.8194772317788173,0.3064326770727839,0.9051074347928376,-0.32020820125636973,-0.3228981640025133,1.7138983239015675,7
-2.8682049261682034,0.9979765761062284,-0.71429523063165,-0.3436989548323042,0.7020362362123969,-0.5765301871609508,0.39835174215867303,-0.21917532860926808,-0.1396901537783511,-0.8026288538361119,3
-0.8281992215157454,-1.1821716063045606,4.122878779060584,-0.9200587231154331,0.8838776554636308,-0.9220118882733193,0.5556795277114788,0.5834887042332112,-1.4814741605172737,-0.66419570355481,4
0.3162233995753888,0.061483000090733875,-1.8076288110569878,-3.181558004626411,0.17186348507081434,0.8487959588479688,3.184373811974113,0.1536172433485953,0.7350649657282844,-0.4171033837385826,3
-0.5151304590445063,1.1649969656042283,-1.1820962690876577,0.06498753139775672,-0.10484405361909373,0.47613776358534515,-0.7785383906962101,-1.9903567427966542,0.9455909674491496,-2.917149702012733,0
-1.278960339322339,-0.2682680327380808,-0.8952648672874953,-1.1769157636414869,0.7948055545516927,2.355762816763708,-2.139892145425608,-0.04189109672875124,1.7732009940345463,2.1263038719670435,9
-0.7425949500310955,0.8909344730091804,-0.5834569734437437,0.38710555623072174,0.4300311082785815,2.1570291235337233,-0.454702137126221,0.05418722166902612,-2.1463481176714567,-0.785568974522421,2
0.3032863050433103,0.43364533689730167,-1.0856555247176507,-0.09766736888438118,1.2577881268703224,1.7906058624524912,-0.7808985031220437,-0.6498788230832209,-2.21348123316392,0.39182125674874463,2
0.5137015018862414,-0.3241866299078327,-0.6022974624582726,0.6134291592185578,0.17170307702522172,2.2398273788199554,-0.892731444982663,1.2988897264485377,-2.114179290195664,0.5234574360424226,2
0.4462708063053589,0.2742621218703162,-1.2936677209940772,1.2335137064928008,1.5302039634339137,1.815168880614528,-0.04183762673927777,-0.17379971115657722,-3.8117091971033004,-0.8194546645166085,2
-0.09011019521055108,0.18821843611070038,-0.9802796433103387,1.3241713399612558,0.8119946105316109,1.0958288253192543,-0.07909433516445832,0.24338056338335062,-2.540611174330107,1.041612733557818,2
-0.9988136867958282,-0.2781494274327404,-1.5017053452948947,-1.1109198625247763,0.08298333701138863,2.4882389929574398,-1.5042941856811147,0.574334123327103,1.30092098424859,0.9793030730306761,9
-0.7060500541919642,-3.2758857855477324,0.6279099914111594,0.8541121965062327,-5.362830913761118,0.3060331050889431,0.2262938133688654,0.6153983773618854,0.35052552726957137,-0.417236340566136,5
-1.0023641128185605,-0.4910450577279884,-0.9368125727110362,-0.6728626996101137,0.21564509789836891,-0.07892637408715845,1.3957181511146202,1.6191577364236005,-0.6812776243303719,0.09687234047572676,9
-0.5787665926909233,-3.807869592406677,0.06055548518326073,0.7741031863835276,-1.6687325502179726,0.31950952863648735,0.3643987800424667,1.4763838649908003,-0.490092976526115,-0.6898355878500845,5
-1.624803114048681,1.9275140231657795,-1.1890589373297507,-0.4011401157995686,-0.6927054650394163,1.2681108655777378,-1.1532330630209193,-3.9127195719806545,0.3113643121385882,-2.125959433664049,0
0.86108458172732,-1.0292187290564672,2.6383567499363076,5.220162943402397,1.6512446125062,-1.1433916572888605,-3.2888507557910236,-1.0939837758071627,-1.2162494349849369,0.1506299489266002,3
1.3463387367082065,-1.3456116877494453,1.0488535458519137,2.4266529755217126,-0.8681648368779056,1.7166963350207545,-1.5642311012658692,0.1922887042156659,0.6196821776006743,-0.6260934918808395,3
0.07120578394206184,0.2050844091739147,-2.579809527159408,-3.898989903390296,0.19786211991871874,-0.07581518609131671,2.8839389852076533,0.4887583277864273,0.6835953997402752,-0.515627929659138,3
-0.9702779327081938,0.3917309402759642,-0.25393856927089165,0.5957660897999475,-0.30352200851493183,-0.4376821788466145,-1.1605040139081488,-0.8168729892961616,-0.6506091407848588,0.8935314544370752,8
-1.8703578443358555,-0.4018322321997774,-1.1691631244767797,-0.42668298816936595,0.5207902836423756,1.9541177690410274,-2.014167578991221,-0.12025813646555529,1.681239340351891,0.9631008754370296,9
-1.4847481293360179,0.20594952647152742,3.7281103828107494,-1.6108222827337126,0.9853936420718039,1.199812479184705,0.6934203668569429,-0.5749672263247243,-0.019538172007352392,-0.16929695294950706,4
-1.3084238716026302,-0.9712068340282929,-0.5109087283032714,-1.2338927758691636,0.6371890419922526,0.964648941630632,-2.5524795379047847,-0.35038686321560614,2.234650181772744,0.7367216457133545,9
-2.314159168511527,0.6550368408471712,-0.10844526425069916,0.5033761780862298,0.8057791079524919,-0.7003593504763572,-1.5813503721080362,1.772365143596379,0.6628843265097253,-1.9608281458661234,8
-0.01725522242206659,0.3175307595012761,-2.3892217881014433,-3.7210650596288213,0.07914783322638408,-0.24517528404471295,3.584140335509705,1.2008348570960337,0.8828661652513512,-0.48913996119205616,3
-0.1326234431120203,-0.4248220108819328,-0.33318914650850184,3.501163859449899,1.5643699802620359,-1.6708675495858012,1.197569640831274,-0.3883759480647143,0.6357204721889147,-0.6194136726894913,10
-0.7034593069799988,-2.211598015035229,0.09651661519377625,0.791158885482715,-3.0520025745259822,0.19995713852894986,0.933415607641316,0.9334801130721638,-0.5083677025334934,0.44072389124631367,5
0.0398389654681311,-1.3895772825963604,-0.25686309694303117,-0.8489638889078014,-0.040977651848297075,-3.3524506018004163,-1.743369342188657,-1.7210065723614183,-1.9238957089561537,2.4075545137404544,6
-0.3804499196886203,-1.8543553307795566,0.47819028787411527,0.6953079202794036,-3.9249891170019495,-0.16231834069309306,0.3641942212531372,0.9479915006104563,0.5700843395444392,-0.22647875109000398,5
-0.5074224658650885,1.411395001685318,-0.5957258513483715,-1.217789890309709,0.08880140205922553,-0.5497354675879762,0.3120611942288025,-3.275528930526571,-0.5036746848298803,-1.194217986187696,0
-0.9289346200986822,-2.3793187972267793,0.07458238177794288,0.010446574195993732,-4.401443269714948,0.659420290339885,0.6765785632451857,0.6542012953770908,0.4158452877185931,-0.5033644932796543,5
-0.9506175892165285,-0.5649998927138524,-0.4189632272012055,-0.6302280792275775,0.45572432446489125,2.3890525275594916,-2.395548920834224,-0.030046909686901074,2.041900039790526,2.2029943936404592,9
-0.262201648595232,-0.3828981666771345,-1.1248307448547161,-0.06457262834218486,0.7416949590732684,1.2488135966445384,-1.1692841560138525,0.6080873791320256,1.1479339104557418,0.5858212556298341,9
-1.7305589212330965,-0.96000613240136,-1.1890082226703365,0.22339143364918623,1.389697602636311,-0.9320074903989553,0.04394618403273379,1.2057428999628923,-0.3475996708369724,0.9761011927700228,6
-0.726013568454851,0.9562839532455024,-1.1084694494894705,0.17540620552529712,-0.16929159033170407,0.7286202628418841,-0.8157112295909893,-3.91277513136338,1.1811573960745851,-1.9207224318343978,0
-2.664249671357262,-1.39991296079824,-1.2776322788425647,-0.3623260857667889,-0.6740041858748645,-3.138604136731269,0.9265583532353627,-0.6406685802998963,-0.8121192514767883,0.5718419230128735,6
6.231668321202934,0.3265053037846557,0.5849481757025241,0.013464905356922768,-0.4457741280340922,-0.5765898926792723,-0.5075290477406368,0.32047354485092916,-0.14362540847596117,-0.3434338289273333,1
-0.21142851976762006,-0.21895673832952867,-1.922826100775382,-2.97206120398399,0.0626311560017673,0.21307213369824823,2.388916549677455,0.29380868631828516,0.4995341419696029,-0.3821734132789596,3
0.5729190394760172,-0.37859373026910065,-1.8034860635634737,-1.4752886484538343,1.586685956522547,-0.4697538654815646,2.389501076117479,1.1941456489129698,-0.1835523212661508,-0.05942329402924493,3
-1.1582206657096252,-1.0309491358407075,0.05009187577984325,-1.1636985372653896,-0.5066788564839223,-1.2703113178489176,-0.03907697449606426,0.319889962723873,0.16477324501707408,2.4256082795149596,6
-0.07497138112818666,0.05531865627137872,-2.6788924930814098,-3.6658043532961546,0.33522166676659126,-0.2523663804383257,3.7985885927902783,1.2460047192210373,1.0625040151779253,-0.4733509423558888,3
0.6576215673357945,-0.4901550606918946,-1.6593800132492293,2.118551210195235,-0.41592692992121605,1.1807371695997866,0.13980228810183176,0.2297908881978615,-1.5712801100077702,1.2247764409991657,0
-1.207279221469749,4.822419244578226,0.7947491960281702,0.003707078776176931,-0.7230442745110001,-0.6653324351039217,0.11990494644327393,-0.19566799541880558,-1.0596103790985651,1.2580370059771389,7
-0.22164125227730763,0.1995489399905815,-0.7743605962144955,0.5645937528465677,0.5030966758026244,1.6460153080612872,-0.9707683180414025,0.6614101040627145,-2.418842864167407,0.03987316378572157,2
-0.03955008670848313,0.406723379479798,-0.2650578726554961,-0.5154729054498314,0.19175643596509137,0.31688210465747263,-0.6075880745636656,-3.269531737083058,1.9485308074216783,-1.1484206550259233,0
-1.0284192199403706,-1.5293750457782085,-0.12057485017033773,1.2288932917973014,0.7795472836263589,0.7959157858417332,0.5263813886192543,-0.21907411618849934,0.2718474622194612,-0.5819241143067686,10
-0.7969128209613148,0.6455839586397614,-1.1612948419266944,0.7380702935893152,-0.09635356676101944,-0.5330313074993333,0.08053717872254468,1.4944269298555202,-1.9498755127473382,-0.8157803739760229,0
-1.5156543298025944,5.787267529041886,1.5806217439096863,1.6626393206656978,-1.896271128214287,-0.37731451552747153,0.26620442510406783,1.0015694536906286,0.526683213703573,1.3926219724544837,7
0.3351852988462211,-0.8270422549496173,2.685203185068753,-1.3997140329101212,0.8381273895260344,-0.17502332895111325,0.3657884320908174,-0.17769543124337103,0.31606004838366647,0.9935652059765334,4
-1.885680112961839,0.8407449148154811,-0.2818141454601081,1.1759589308079508,0.695767667075069,-1.2149848151111184,-1.1875203982266547,1.7769831522421558,0.9675002375391918,-2.357785469057782,8
-1.0029219096199384,0.32696483702695367,-1.043500543268752,-3.0412891972326066,-0.07816267863244783,-0.49499250243579224,0.1602333178858269,0.7752945490620102,0.1712150769264864,-0.21265047064955264,3
-1.4225057352068704,6.270002451482668,1.7308656267584133,0.7495118075370578,-1.9960094421455696,-0.4048959104656871,0.7133868227261967,0.3726040330961122,-0.22534698407218207,1.9752095580267848,7
-0.7231471379761735,-0.01862258004628941,4.682461281572535,-1.9254105995032902,0.7981199272187662,-0.1163509741066917,0.588161282579634,-0.4947960676862993,-0.5802558919027345,-0.7410678189141616,4
-1.2918729635052233,-1.124582822752626,-1.2161934869376603,-1.3915974846434198,-0.0239257805778684,-3.5102887643531826,0.07375902199228727,-0.16620841284344065,-1.4442082665574971,2.0857753264502374,6
0.08629480349259946,0.4969161790532892,-2.694207657269578,-2.8832158078546533,-0.3080719711749079,-1.297644383965695,2.4528483631680635,0.4235987675708606,0.3596716869975689,0.23328310480129813,3
-0.07105691426446656,0.1370478061664151,-2.539664816461497,-3.8872312183501756,0.13601964408753026,0.09190247993456888,3.668101183087137,1.0454472300672615,0.7767161018666546,-0.5687342105623608,3
-1.4555933675585906,-0.09348465730365849,-0.9182722732645371,0.5567593114586451,0.02629225312901185,-0.3314176104234352,0.7535428644389451,0.4799751530576887,-1.19302047579991,0.9446229188241171,8
-1.2096511346780936,-0.9917278491274787,3.0000726575830026,-1.079612735363247,1.8511195895449637,-1.4707193132110816,-0.05645642685068433,-0.15405520989476473,-0.36805434369400614,0.1265669191930733,4
-0.6352340123691874,0.2895491371513821,-2.2544750849284774,-3.361809547418769,-0.2171762771862083,-0.5805403777476781,2.686070654998909,0.2345341325348558,0.4355641548039232,0.3945329284335397,3
-1.1623126054767607,-1.681328098093288,2.2060361001167155,0.5720779113672668,2.2070213725823544,1.046176561983011,0.5563664352929208,0.8222241252727321,0.6695310211343043,-1.5612617108294846,4
-0.1992831772718731,1.3419651808528608,-0.7529285898070938,-0.42532975337613227,-0.3832800532317617,0.5160409435228898,-0.18054936733268914,-3.0817037496066177,0.9564140238091496,-2.515232620881042,0
-0.9337507057651836,-1.7868562128964485,-0.9143588491757368,-0.8625454136052734,-0.6503142455217037,-3.029706167447459,-2.4824236388579757,-0.5090836471081839,-1.7605583460412244,2.892439329984861,6
-1.2627107422437323,0.3233940877702459,-0.5250803703385878,-0.20610036555673109,1.1373130412035048,-0.8832160980631691,0.20597917670859112,-0.9458073391796591,-0.8024500078437402,0.6988371535605696,0
0.4349969591024609,0.4567667466390458,1.2274883532216003,-2.46044894173152,0.36475005452955184,-0.19726217648231503,1.456080892974499,-0.7348627638572918,-0.436646566420834,-0.5249972702161073,4
-0.1163853420309368,1.0630277672784942,-0.6451995571293643,-1.22689806630109,0.41619511493424827,-1.0721621842447069,1.6712596341065118,-0.3304097851598327,-0.08983143764702704,0.7525090706355257,3
1.1615919712233622,-1.4829694086085627,2.647579008194122,1.750052069102194,-1.3980268939020792,-0.7933722838130925,1.2186315919489312,-0.46437678459560966,-0.021417652887131114,0.9236548025364177,4
-0.18610195835829363,0.41752314035205806,-1.6112716248538368,-3.561408488289419,0.39638800933832286,0.3060348281143177,2.3773745315363684,0.9027629682917526,-0.6268114541296796,0.37799991518583814,3
0.37660808845352556,0.08089223399970874,-2.0738035286808296,-2.8025796524334976,-0.7296790088236482,-0.6388422058666169,1.8084513444426926,1.3193211255972739,1.372766522654543,0.7556147660366221,3
-0.02390811938221664,3.251052670450288,0.5259388666641263,-0.2934337080733635,-1.4527371871062311,-0.25293959901174456,0.6485751397934506,0.6280279844719461,0.02591770368205933,1.0869815187564922,7
-0.7949586088881803,0.5453532608713936,-1.3049353978739053,-1.074891318915055,-0.22027054891242148,0.7178407920911956,-0.6896941412873496,-4.621579106135136,0.0356519857144849,-3.0602526722194963,0
0.16407250994091477,0.6893765051651973,0.1598112394962415,0.540814288832464,0.16352619572644425,-0.6744708927630618,-1.129754582918308,-3.426245121719475,1.2127889815071513,-1.0675828793580624,0
1.3684594485748203,-0.36180262815164,1.364125032153877,0.05783865373460512,-0.8816896999013375,1.539800126337995,1.357082602719981,-0.9541278948712711,-0.3241332454177094,-3.089102306740103,10
0.3153459297277924,0.10044971935428082,-2.141297499451368,-2.67599256199694,-0.3993270171439534,-0.43474158657371353,2.3790799931608424,0.6041005780289443,0.8678698639830246,-0.79159936602983,3
-0.05406278092970271,0.15716430860274927,-2.189315691672989,-3.1737755281412965,0.21334497045453427,0.2284674913008834,2.424255603340136,1.5063134008979049,0.733579679342881,-0.11566375094369305,3
0.3051183730746588,0.24694800830229188,-1.4995894331577153,-3.1566134765116005,-0.29703271390317604,0.12874777313028823,2.5295865310057444,1.1688024503925083,0.7256184400687453,-0.22629386229240323,3
0.40174614695781286,-0.2797828355155581,-2.1258692768749667,-3.376984927117442,0.3249247420074452,0.3619235852621857,2.6179165898726247,1.1375943802900075,0.2682778491456848,-0.4929112691628284,3
-0.29534105126560206,1.2178888496726161,-0.17731929068106464,0.1302054878229616,0.43802224312537447,1.127980409106268,-0.19631591747714483,-3.1709734300712067,1.5184779964647517,-2.514318298913221,0
-1.0920238439824332,-1.825514578228294,-1.498933617052885,-1.3165367480682748,0.08336450973860225,-3.959383340449865,-1.5554600746508562,-2.043017774664765,-1.626447860042488,2.3403590908652077,6
-1.7118657281654472,0.5387414690012955,-0.5823663692920241,0.7285659780594309,0.7509874732364901,-2.219433832251539,-2.7469321869451506,3.430359353262748,0.8033320224284715,-3.2950631041989236,8
-1.6974122309722846,5.264645476730774,0.598022694025733,0.3914462353941816,-1.1135060347354238,0.5092636709490537,0.7493397467152181,0.12691529841433857,-0.8642869279087978,0.6125484720980403,7
-1.6321143804395282,0.7479498784410588,-0.6899374289474273,0.8751532148776464,0.3866572886128822,-2.2646594637654305,-2.2624122611410447,2.340429465700379,0.45374166201544947,-2.4684943301982525,8
-0.7269323637090621,0.8205269110691337,-1.1308489725648236,0.049091113146650434,0.04437444518681463,0.1985038136630603,-1.0161895354802037,-4.986832438740544,0.939246085337908,-3.141383419403952,0
-0.7552812373032993,-0.3122057807888007,-1.5364567062634065,0.13172048593748467,-0.3000943057898172,-0.8978254029376421,-1.282484709714291,-1.0278954967717768,0.07900862453642618,-2.104879314921468,0
-1.7933968376091036,0.247658741507532,-0.6015735496578166,0.4831807921478212,0.305039965183474,-1.7720459011054814,-1.6268451204728052,3.44041177769755,0.5076257565418374,-3.0322283249058724,8
-1.5864029232360504,-0.4965163233154787,-1.6012876839849084,-1.3904385609839953,-0.04826877139776714,-3.021868302718907,-0.925769854638446,-0.42661412540089594,-1.9565825897591134,1.862862823257849,6
-0.48351902295451205,-0.6652374402770781,-0.542172309742667,3.9448295883018414,2.342038845889984,-1.2705641036000201,1.716330822567132,0.0812200621064073,1.7157978672335628,0.7361540437529193,10
-2.16234502126345,5.43133602288818,1.5690843077851548,0.3247523745228091,-1.79278620989496,-0.32722298304790726,0.2553949350520872,-0.17000990823543954,0.27667531128145906,1.3987239984392383,7
-0.5843322878812641,4.985620554706093,1.74983833412324,0.3029954106284599,-1.6712867250290506,-0.830585972543305,0.05294175672934448,0.1998484719289935,-0.7073453419742743,2.242402068759436,7
-0.9712423586090098,-0.9747942444181222,-0.7120698008408768,-1.7151835730970375,-0.5857053254256402,-3.3356288151462508,-1.2688327031450166,-1.7809344000577612,-1.1216144812195636,2.469868030969849,6
-1.5871873912738121,0.4082501682453198,-0.26881103254764915,0.44055273173407006,0.08897157491960019,-1.21975284909092,-1.4861071718728376,2.1729441882140432,-0.15444404231655015,-1.784327260107673,8
0.4759724261628741,-0.36565220688124894,-1.4942606586965592,0.6781479228639956,0.8940970964896848,2.6729998302189766,-0.7471213016229037,0.6652490251381327,-2.587208868399486,-0.8458893230582836,2
-1.0266665867903428,0.962398068834016,-0.0022238782143539707,0.22187503794641755,0.4796304386309178,-0.31186811304500267,-0.941622651347695,0.8379514950428794,-0.34576456325598615,-1.8521626076213167,8
-0.7047050211107665,1.2029426180567189,-0.9814894197244741,-0.04790090244315874,-0.4242177140300846,0.40723048677832097,-0.7114812729183342,-5.204053524832701,0.676527004986139,-3.1627909915957,0
-0.6026071485473122,0.857049232587092,-0.7572630146812072,-0.21958869770807027,-0.07572943146125141,0.9236046368571174,0.07759487516971698,-4.436831411664926,0.590337517053571,-2.7736236848302322,0
-0.013085666961194717,0.5582776218675981,0.3964949816507532,1.3219385476325516,0.9272483936786197,-0.2157213698129081,0.9995253057326573,0.4753532676585781,1.5863527950956542,-0.3686295872941237,0
4.077000144590724,-1.1787286419199392,-1.2461651007196397,0.5333450065462878,0.24821253950370223,-0.09414017907738714,0.25438384258236674,0.6440683210902128,0.19675788807801747,-0.35423233858048375,1
5.7141971279244,-0.27288132791218567,0.7678509970534706,-0.7448806512309782,-0.16468632661095517,-0.8186379558888597,-0.13328357596721044,0.22797466221687757,-0.17041213331411492,0.4092568146683732,1
6.326646626401529,0.12311534273302269,0.5078931466345455,-0.18585255768173503,-0.564985798284687,-0.37348375203809825,-0.6307753621016189,-0.11012577453281382,0.040721392152246044,-0.4719101264215326,1
5.775529374459144,0.3550258661658401,0.4147993493963086,-0.6269066041791287,-0.11501627239785467,-0.006714492305663913,-0.909604306720599,0.954315785642885,0.4619971304748853,0.5241698467561612,1
7.347237942269789,0.6141304428395179,0.586334810318036,-2.100826345964832,0.9676233035812887,-4.055114476267441,-3.1352866506027968,0.6728426531461914,-1.5038963909608631,-1.6987168233729133,1
0.050748629713462806,-0.41112063499556706,-1.5646720605374655,1.3054240690020074,1.3379751392211847,1.4562295018771838,-0.20959643258794555,1.139592821637894,-2.139289880118498,-0.6222109083086924,2
0.22111866267285352,0.08417526737418426,-1.5440650373434623,1.5934423823657726,2.291425447525105,2.6986627634652347,0.21518886596634312,0.05074264206000482,-4.110910299942437,-0.09283113763109305,2
0.33361861915098023,0.4291035151344781,-1.567870675891707,1.2457098046315536,1.2081446052153086,2.4829309933771033,-0.10706526370554995,0.26022547842639326,-3.687683279546088,-0.29569504621356596,2
-0.01400714402966935,0.43371975599381635,-1.794764858460097,0.8352614485277079,1.4094414703863059,2.8530092343262234,0.4094890100962351,0.7679101555176557,-4.635353303092289,-0.6073962736255175,2
-0.10822796103077173,0.5276898213326539,-1.887181593187289,1.3668840813354386,1.3300994751933097,2.185952152910365,-0.724096101097373,-0.2015300684482675,-2.655709277918372,0.29600713713090443,2
0.4362215700292674,0.34395357657956105,-1.1615267264614921,0.8262275395564178,1.6555334831922668,1.761758351458737,0.5985932203149577,0.649838182150633,-3.934423806516644,-0.7416911350284023,2
0.5711661415385041,0.1428336311004979,-1.503027898916518,1.3666346340728484,1.9923975726650953,2.650920708927266,0.3742286483553653,0.4846634668848216,-4.279336809374856,-0.33893213972124303,2
0.21836942487572597,0.20818747624874018,-1.2767921935059574,-0.3369111837601658,0.40466919037692134,0.5746527834588977,0.5059974168984325,0.1303715705882566,-1.8796131969096548,0.3517300628450029,2
1.3132062734305583,-0.22718835145942032,-0.9190281374605886,1.8794747695236225,2.2579123304056408,0.7681425002896408,0.8907670706944053,0.3718678611223173,-2.3151343157015725,0.28702135911315185,2
0.4815127122115016,0.3949186353055174,-1.0555756576810496,0.925366904874925,0.8533495855992239,1.5324019949414083,0.8744023476204947,0.6526365170753086,-2.500021445637704,-1.4641515523052369,2
-0.5658047905878013,0.9328828245389156,-1.7477893242648885,-0.03850322932106151,1.1434157776507248,2.5275831884821978,0.9013977432015459,0.9835410649808917,-2.669928209312945,-1.0660144122095947,2
0.48692217087275774,0.5443658956915576,-2.0768836411789033,1.2105212745309017,1.2936296683075146,1.8234581440350481,-0.06410512668455112,0.08572305240409,-3.041523227182229,-0.8467887584545618,2
0.16605474670593423,0.3998063095886959,-1.8406337651530786,1.1917183163358547,1.546197027690173,2.9469330212362093,0.21672038069519575,0.5552406635001941,-4.7270643310628415,-0.4380331721321975,2
0.31659494518081444,-0.12800482545613545,-0.7923618001100778,0.3695324965416776,1.3543418308526072,1.916912859684822,-0.7575878153017527,0.291613462625167,-0.8810621617128295,-0.9613342501623747,2
0.34542480040507034,0.7952569295595258,-1.2015830515244015,1.1722671410754815,1.0143322953846963,1.3986976924575687,0.2874099861516871,0.5224882976736992,-3.0819319140602564,-0.24354098911933328,2
0.09036360984318847,-0.7956090050450075,-0.6709339581900502,4.053613169146559,2.2791699046159573,-1.3676323130760573,1.8506965595094318,-0.01691834362131095,0.9095094846692862,1.486922723768571,10
0.5449653595523946,-0.5071670074562815,0.4250793436049196,3.7452815908130526,1.3425602477278977,-1.1360703967897514,1.8453379479256193,0.01098789930819067,1.3344515399290116,0.3245877760595093,10
-0.039576731112050345,-0.32583444158077013,-0.28575701051928426,3.1504133327352855,1.6544868768371084,-0.900751123417269,2.1359688959011844,-0.73036402180515,1.1072777205874378,1.206149078896191,10
2.0317382802127253,-0.4099615107116505,0.3591384608475163,0.41195543161531784,0.5639860113682655,-0.5497263347603725,0.8523061050223578,-0.050492672956321906,-1.4718340892839317,0.5616895384556423,10
0.510945751668516,-0.7325897437555781,-0.3331615390407721,3.7515836514161087,2.5749832315059313,-0.4930133684255477,2.8315480230428696,0.4278301580413926,0.8946910089700848,1.0666384352165517,10
0.33732521181389474,-0.9175994675478423,-0.354756251312046,4.48861387229331,2.525567601693199,-0.4282916791904074,1.8027210974224914,0.21461213485846428,1.5103085978015653,0.9493531051762547,10
-0.1652829709958851,-1.00138031089043,-0.39397286571879825,4.306336837681574,2.6551835597121123,-0.9834239047005283,2.7392012227282496,-0.31719647124866657,1.9947982670691256,1.173382187743614,10
-0.14572659521209086,-1.0066877821516695,-0.4277475833759917,4.299528725784143,2.6354035170570502,-1.0051298288265813,2.776360618303248,-0.3331651994623014,2.002331225345174,1.2084212883488277,10
-0.21135802052880404,-1.1442665245790078,-0.5230781749388982,3.9499468722660778,2.9223154890859955,-0.6880428856710911,2.241139289740331,-0.09637782810220409,1.124924498883807,1.451545852973435,10
-0.31724665682078135,-0.6997636868420569,-0.5449836595261707,3.5857836485567915,2.5313986209023227,-0.9694015356831154,2.5563947881900213,-0.2630778052015782,1.5653249230148303,1.0002194919853256,10
0.14119895197197074,-0.7899536874781317,-0.14589181126980616,3.8023944393420033,1.7815391655846247,-0.3855182129425789,2.2244023268223274,-0.08585635597745969,1.6482108343552548,1.195969487585246,10
4.353081946365123,0.9141074633699177,-0.58696534647194,0.7873757624613672,-2.1043897526666804,-2.1697591271230525,-3.5920678015249754,-1.4270222751139476,-1.8545832258372879,1.1418038704008115,1
5.903089260364042,0.3732392101261901,0.4989241774291614,-0.27450290441122915,-0.051655921440022165,0.20621125480601835,-0.770276151106503,0.25228267434331,0.13520065371127488,-0.46732271167486983,1
6.272502240513225,-0.13080526811900192,0.7421055444034553,-0.01595633060572218,-0.3998594940146931,-1.1014405972202352,-0.8255192297833454,0.1945951806034406,1.16274172455512,-0.014225007367862051,1
5.991587778642913,0.17497214203096795,0.6774390272715914,-0.11005638239030135,-0.27316875415404396,-0.1774079452870858,-0.932368858383503,0.027900591304793426,0.3101760473125235,-0.2990279781051289,1
3.9653605514286743,0.09105229849742474,-0.16219313384468828,-0.9769234966888606,0.03789763897225852,-0.21056389026222197,-0.05163829316120755,0.695630306364065,-0.31367878527801757,-0.6700577904823826,1
4.763978686923577,0.6230397180200283,0.23181058734824983,0.15526078123314588,-0.8476089723776752,-0.5717805489081049,-0.10612697780179188,1.3541845267059704,1.0159235252042775,-0.3391964863586494,1
5.935953209260086,0.07078366557259733,0.3732555339535277,-0.11911278330530661,-0.6726287230448473,-0.32164888843084166,-1.217043337563011,0.6828271345029423,0.04540266761045414,-0.6717995576678657,1
4.595578555787556,-0.25749944572835504,-0.10014482098666455,0.5569416492727179,-0.19052000906197017,-0.3491695555125566,-1.4879599193919937,0.5991564897767886,-0.14363346003842234,-0.39861082418801735,1
4.481637465959909,-0.6650102860100155,-0.9389581024521724,-0.010025344789064278,0.7323245294585758,-1.0961909648828623,3.9828861066605645,-1.1004128234151571,0.7180517152094846,0.6189604293374827,1
1.1323365069715408,0.7531452448506921,-0.665714207181601,-0.04199940827429434,0.4704083259912086,-2.221728549226181,1.0254786137124898,-2.0703892205857803,2.7713695178750117,-0.8253087562913614,2
-2.389723229496566,0.6806184939895763,-0.3385683390287606,-0.3049151742871326,-0.8148241920095721,-0.9172477199971796,-1.0332064712795603,-0.8757427634044892,-0.5643674623212368,-1.045428420406589,2
0.4362126140826639,0.6284565551390668,-1.173011209290882,1.1770059702402729,0.9904596436068008,3.049381861897287,-0.3955321980933505,0.3523730779359353,-4.152763844748258,-0.5271273936815011,2
0.272841595504114,0.5197350265721425,-0.9422384456218353,0.5366747344566796,0.986294285980541,2.108259524284399,0.12666232646895803,0.3257262759893691,-3.3900188067103425,0.37660616923129264,2
-0.03467121118447847,-0.5777435779853234,-1.7256426630343333,1.4992799015926852,0.47835766184822415,2.3884762703664717,0.10332799563409382,1.1421082196057297,-2.2972038531677534,0.9772170690147395,2
-0.28971649614974015,0.06362701326960946,-1.0747899897979012,1.407488354447511,1.1335152118397502,2.5698078977903527,-0.08670804014432543,0.7633628742980523,-3.7272719417866047,-0.4690119619266968,2
-2.1064754445472937,-0.8199449263302769,0.05457949527471288,-0.8904969246857332,1.028209701964428,-2.854657721687148,-1.2544128880045091,-1.4224052199796569,-0.17899402611832174,-0.07186132965934725,6
-2.1787490068988653,-0.7488172352828273,-0.7985419819669614,-0.578776239272805,-0.3139434661965911,-2.0010179650140856,-1.3621772887499224,-1.3310545997874403,-1.1518315627977864,1.207347635508104,6
-1.0424064883045767,-1.2115476286352287,-1.3327386616338812,-1.2424624255369858,-0.22297392485964457,-2.65860125653158,-1.4915339928468498,-2.292778310174913,-1.5983386208269224,1.358247121057161,6
-1.1386155368322084,-1.4701271032801766,-0.4912647759533298,-1.3459368683207422,-0.20797441470821418,-2.231347812727219,-1.4789006328240246,-1.611785177713711,-2.5040955023799008,2.2151182524374917,6
-1.2465234181794917,-1.4380986408631657,-1.1737623272474869,-0.42958047423395823,-0.37738807812454456,-4.044525777932333,-1.7665510645456,-1.4642522449537685,-1.8021111108145065,2.595288996134703,6
-1.5886603547362421,4.935264598737355,1.1391570592121987,1.4041720059432912,-1.2157505543546028,-0.033585751919346055,0.6641057239657419,0.7830767798240769,0.6050185494582001,1.5455834016363583,7
-1.5829081980165345,5.661397253477893,1.6594527307436944,0.5209446953507916,-1.8205376236116564,0.04894416106344617,0.873710574867981,-0.14936318441425744,-0.9099518847683798,1.5922815815964122,7
-1.191700649623074,5.835073438183237,1.7365095163080002,0.7911258172710107,-2.231156927723118,-0.19617202364938663,0.5509215910753279,0.5191194384496444,0.015340531301349034,1.949130403617876,7
-0.21390835514174264,4.8392795993142546,2.508188690921158,0.21611710804705864,-1.6068991158424872,-0.5625959009069961,0.22588964527523409,0.1765876204996959,-0.6839350868669561,1.591313592212637,7
-0.9407143884949323,3.862878115670395,1.7897343069114184,0.11529852508974925,-1.2709281281463085,0.7819140210944743,-0.3497429005014524,0.5197850918136327,0.08379302657215748,-0.08969292281679625,7
-2.1835558532757258,4.7312859479626805,-0.22442866608950673,-0.1791972943615302,-0.8047925640031597,-0.8714256296276531,1.6515092449140722,0.08971266372730115,0.46531928265067635,1.2714127145303973,7
-1.0844755448717813,2.3664301881037213,0.5921638017670852,-0.25534408695390504,-0.08992414427876269,0.2510825664731487,-0.44141831016075167,-1.539601518546724,-0.8592959734336764,0.15194010478718925,7
-1.6627881525054053,4.997750728592542,1.7195898538255145,1.2457960282274043,-0.21175769088599947,0.4271753401026508,0.2583102307252696,0.3856980032060307,-0.17730704763570726,-0.28251401747772265,7
-1.1807348621610432,0.16440933005296152,-0.3190564119255708,1.100976794923171,0.18251790247632227,-2.6249241342905907,-0.6554755744384533,1.3553319066164766,0.7359461067566425,0.1154202233518469,8
-1.768224238191983,0.5172600784736592,-0.5680077657733794,0.6261012741703259,0.4639919812293076,-1.4498375509012813,-1.9330979867073892,2.806357761722927,1.2980427849548861,-2.857013839212632,8
-2.2944218301093056,0.41975172205833156,-0.5562765493412538,0.5776887575457849,0.7436477452890009,-1.2671906814390046,-0.7166309634362173,2.5262927979692003,0.3957944875846787,-2.144646671928423,8
-1.1589507914244634,0.5850533525364421,-0.850894285362341,-0.35522454604066295,1.3308661199679142,-0.8368067926350646,-1.560141070651537,0.5039658899282621,0.7617459945097069,-1.6842106700295238,8
-1.1334595487236179,0.48567524749271684,-0.13401815571556525,0.8511259817275686,1.2551190678707929,-1.5395455771507212,-2.1102745796363584,2.7122459087585673,-0.008075784523944557,-2.5979001936546635,8
-1.533819738410402,0.2919407105318663,-0.5103399709637981,0.6475560162734159,0.34452605880932385,-1.1793407598165169,-2.2171221377992265,1.757006569785681,-0.5644596489418112,-1.392869471359068,8
-1.7284479757315434,0.616505023060687,-0.3752898590394322,-0.20966854295646667,0.34675838163603956,-0.2284216567585544,-0.9365990865999596,1.698897013312786,0.9068399329654921,-2.396808725170595,8
-1.6482547767630242,0.7732200794390275,0.13009654311358826,0.16491603096903443,0.7372340233970981,-2.725277753491614,-2.809157024607078,1.7953062888546496,0.129090973251252,-1.1611639975487005,8
-0.8075591444262428,0.12586958125206357,-0.07383333477913409,2.516638513031498,2.062544670920673,-1.0778111524056047,2.189196275715535,0.8761825498288242,0.6095164213502566,0.48152892822477245,10
-0.24001587128772633,-0.7118414033542861,-0.5432054441049708,-0.4377767285716483,-0.9204090262742672,0.9200268361421448,-2.4652613655649906,-0.8842406603582996,0.08615739583176521,-0.9380856444158356,10
0.3465563491645197,-0.9257245068446536,-0.36156425373966317,1.904217850721952,0.6719423280152585,-1.1427102025045488,1.600559655377971,0.91062062974832,1.6405836488711736,1.286331720425698,10
0.21523323347742518,-0.5859673943866057,-0.6353134103973294,3.23410587724202,1.66826261734612,-1.3617248686306218,1.6841384871081293,-0.6121145846875653,1.4580413467640574,0.039786190170901736,10
0.0034199320165976405,-0.9189916125672222,0.15935263392410398,2.9672588881560147,1.4839910633134352,0.24263969287589057,1.2476855275113894,-0.375646555918887,2.2901002521901006,1.4447610369025,10
-0.39513013920548806,-0.601184991787864,-1.249568135424921,2.9225255859351185,2.157856194381675,-1.4370125239976586,2.9541485005345214,-0.5568953055107886,1.9238408508956863,0.8330746652358489,10
-0.24567954135517767,-1.1978648178814748,-0.17416271806469846,3.056589450675221,1.844182211061668,-0.3432354241918032,1.252477300446307,0.6663962729686548,0.05445263719716267,1.1641067734135107,10
-1.3880394342089097,-0.5465707339104107,-0.5810895487993175,-0.04849794699261538,1.5025282649005733,0.9970638822622804,-0.49666032910621233,-0.825903989632734,-0.25568610716767554,-1.036805302065201,10
-0.507843272407752,0.4070666153944329,-1.4493483122004243,-0.9937920580997643,-0.4989490894935169,2.7487996848353884,-1.3493282966196984,-0.9299055873162858,-0.8365394525800911,1.3708560785102322,10
-0.7371747503539244,-0.7743228746348603,-0.2625744529045378,3.2545480085626304,2.024244694596798,-0.7869950806513344,1.7659009469472915,-0.6135251161928125,1.440748550905104,1.5981043843309155,10
0.04557278134022541,-0.9070349089653764,0.11092986148614435,2.668901807285417,1.6529407369949864,-1.7158319063579137,1.962232941805397,0.18352918926305692,1.7611308798864214,0.6837316910758975,10
0.16475009762271195,-0.5724735003482238,-0.2788869466029125,4.9123205045566545,2.4881071103598504,-0.6948077585523154,2.48221272565789,-0.8379873641018825,1.701486166998378,1.0272291935739606,10
0.23378455734652917,-1.0979596958286941,-0.8109350080889028,1.983510937309975,0.6011748540524307,-0.3094939152569914,0.4262195107262807,-1.029714893558966,0.5224890490126433,0.38228845454043753,10
-0.3569365731211217,-0.9069537974546568,-0.3125737010591644,3.3120374810330726,2.1963141378908357,-0.43067050306754406,2.5855752939557464,0.2848760562862346,1.3122050742228293,0.014335065289605431,10
3.9830363348090416,1.232049839278463,0.7193790224986647,1.1291009414269253,0.7996907637427756,1.1071251894617788,-1.0761380428298413,-0.9273468201905494,-0.9267069948891852,1.0259319884681926,1
3.9175630604017293,0.25419548777948875,0.47124775580526695,-0.19298684464670082,-0.5714461331393965,0.24692899661515666,-1.1064044794911758,-0.11011412781936628,1.6567386724975892,-0.7658610438017008,1
5.686843533235939,0.26148189906852065,0.5126163446086142,0.09704958804189193,-0.2775302410182228,-0.621762825448598,0.2371504971797912,0.28013894098822356,0.15275341030315617,-0.25561568628306774,1
6.128350909483853,0.29559304074993065,1.003230007486169,-0.5587869153529206,-0.22428483185463444,-0.3297594509447634,0.3534461334258446,-0.12240841089963027,0.32687292161410836,-0.010987825813962779,1
6.526508990180794,-1.341379863407261,-0.026788642526376708,-1.3302029902768757,0.5859136563600207,-1.4247469089646678,-0.3955638274278668,1.6424221644288977,0.17315306805796704,-0.9395291783791703,1
6.51665887479679,0.19125735303318997,0.7329286372178405,-0.08276669076300153,-0.4699818012529708,-0.5175608667292696,-0.6774440617046222,0.2219035084624915,0.49181208962161493,-0.21640458260315612,1
4.5339516591415245,0.5858812575337516,0.1807195489308503,-0.2538488163848669,0.32796500388142125,-0.0809841999452045,-0.019370270545395876,1.00617166570665,1.4577629235540983,-0.718541817819763,1
6.509479675981297,0.2153439832993144,0.6087052584253685,-0.14907642104953753,-0.4284806246248313,-0.5468376317746225,-0.7359429649994944,0.1559244065475604,0.3392718537888227,-0.14870037067862302,1
2.5757026832295673,0.7481170253733394,-0.0003913526997555358,1.7195785540531827,0.6504440530823746,1.3346983339137262,0.27528774899977365,0.7362295207226921,0.0017675773181552099,-0.7143148455911238,1
4.5379961537123314,0.6364243106485602,-0.6019321801063042,0.07322570973166276,-0.9576605512996931,-0.24306961133588034,-0.9415927146268627,-0.296366066732928,0.2532969971601624,1.332275617927697,1
6.259604573141636,0.9045549543371021,0.7774894935399166,-0.06293066495918667,-0.46507971125802205,-0.47684278651018813,-0.5888034280846587,0.23353774215260817,0.31707104701301564,0.5034057277397198,1
5.907278054146867,-0.18052765399691817,0.7486233397064637,0.28395319066336494,-0.5406947288878823,-0.5251066560016555,-0.739885284367107,0.6632701845864973,0.07485932597980535,0.1291749465389016,1
5.550430485196222,0.20321996131485195,0.6002722594697442,0.044104399126368266,-0.38989098791995214,-0.3453012492732376,-0.5523381677120374,0.2715908314063942,0.3917998791385676,-0.03727037178346107,1
6.129723269275962,-0.19124710061848899,-0.9697801676316775,1.585027716522215,-1.6634886006518113,-0.01738975733239026,0.17835137625162412,-2.33181635995171,2.7551602252541336,0.9342203568471371,1
6.786643553603598,0.2555945825517008,0.7782845752268969,-0.16045073332224455,-0.3331492239562653,-0.877971189993067,-0.9240915211241811,0.18543550045176505,0.38772152765933976,-0.10103085452836204,1
5.670271002679903,0.21799240197813324,0.14546419540562883,-0.18914097671622807,-0.4460682385904536,-0.2616342151721226,0.13540357754877025,-0.03581535608281368,-0.5732359553742731,0.10247967898680936,1
6.214531560972645,0.24685017460627046,0.8587503400835697,-0.02053745883154097,-0.27019110628637805,-0.15528028907775096,-1.0627148525272658,0.38360222685490214,0.3305093012883192,-0.11123823961967756,1
4.300732564270984,-0.2627742738276635,-0.1992104062257996,0.36390958642228977,-0.6850743957121779,0.008548228291906566,0.7825046132285859,-0.7241866149345643,0.041719628762439176,0.6972675258736374,1
0.013797770622114375,2.145394800923885,2.483052638728613,-0.087273469645861,0.3689537470223371,-2.020701404322451,0.8890104086683065,1.7741296470678163,-2.228441300223264,0.5825153151208295,1
5.466205557866073,1.8671289574288124,0.5313084840036518,0.560573065424352,-1.537775242113714,-0.3241461802466415,-0.8830208667284893,0.6482132737833928,0.3102269087977894,0.016887953406431525,1
5.402507248002803,-0.6744844809735642,-0.15071089550966615,0.5447070540699219,-0.31793993527894815,0.067694727012579,-0.8709586394067508,0.10518151026193102,0.21438311361988066,0.3458837850420725,1
6.468405538178429,0.17486210096553323,0.26824180297342554,-0.2193153676594796,-0.5535432701426289,-0.6837948026582352,-0.413775489920226,0.1340661275595929,0.2897023601429733,-0.11315475355489983,1
3.5855677383286984,-0.2946099747623269,1.9267521697702537,0.0286083033730683,0.8487341168243143,-0.07103705789726791,0.042126699181481736,-1.8049281980199403,-0.6806712545362251,0.5992362491453058,1
4.658154395230954,1.0393984114492216,0.586850622680685,-0.47905936994008513,-0.5140655514617564,-0.3273002692783279,-0.4579980495354912,0.5118242276055865,0.5091454608827976,-1.9030169677347997,1
5.495491723976892,0.511140514660408,0.10123607384969058,-0.2847584329493842,-0.3186722841008127,-0.15143241971987484,-0.4907047045328278,-0.15602414453895883,0.30657357274687014,0.08792742305880043,1
6.203732786389314,-0.5038028360786686,-0.062487512313460225,-0.038616870154713046,-0.4532921790734857,-0.23494412475012894,-0.35631353145782674,0.4593517950685682,0.30223331538907516,-1.1967178023657221,1
-2.5097821243214438,-3.1632970114252887,2.391710712091387,2.3849618919987035,-0.11384602608915338,0.28742257754662065,0.8178656140358435,-2.3164926241677133,2.068115652438801,0.06524908513300678,1
-3.2332367960147606,1.948136263659736,2.1115441444087995,-0.9932102870644459,1.8975644236892097,1.1728550167599763,1.7702079314452184,0.17011448897284914,-0.40898651695907107,-0.09064332930898522,1
5.836161628682175,0.14390256391721346,0.0004549900357253625,-0.3716814674790011,-0.8450970924556938,-0.6744230982594692,-0.38454885739588474,0.24835192664554107,0.18955753868029296,0.13759107413821892,1
6.500840746554167,-0.3998660060021932,0.3663642061341832,-0.3315319348433533,-1.45607118631224,0.26813513975096553,-0.7568588251606516,-1.2064232250895301,-1.1569908441629349,0.44842069304513815,1
